region_id,voltage_kv,line_id,from_node,to_node,current_limit_a,max_loading_pct,screen_type,n_minus_1_method,precise_ac_or_dc_claim,visible_in_client_matrix,screen_status
QX-00001,110,XL-00011,BDZ-00193,BDZ-00046,660,30.83,internal_capacity_network_screen,capacity_network_contingency_screen,False,False,screen_only_without_impedance
QX-00001,110,XL-00012,BDZ-00193,BDZ-00015,660,11.89,internal_capacity_network_screen,capacity_network_contingency_screen,False,False,screen_only_without_impedance
QX-00001,110,XL-00013,BDZ-00193,BDZ-00032,660,23.38,internal_capacity_network_screen,capacity_network_contingency_screen,False,False,screen_only_without_impedance
QX-00001,110,XL-00014,BDZ-00193,BDZ-00105,660,31.66,internal_capacity_network_screen,capacity_network_contingency_screen,False,False,screen_only_without_impedance
QX-00001,110,XL-00015,BDZ-00193,BDZ-00126,660,41.06,internal_capacity_network_screen,capacity_network_contingency_screen,False,False,screen_only_without_impedance
QX-00001,110,XL-00016,BDZ-00193,BDZ-00177,660,15.97,internal_capacity_network_screen,capacity_network_contingency_screen,False,False,screen_only_without_impedance
QX-00001,110,XL-00020,BDZ-00188,BDZ-00339,511,0.85,internal_capacity_network_screen,capacity_network_contingency_screen,False,False,screen_only_without_impedance
QX-00001,110,XL-00021,BDZ-00188,BDZ-00339,511,33.39,internal_capacity_network_screen,capacity_network_contingency_screen,False,False,screen_only_without_impedance
QX-00001,110,XL-00022,BDZ-00188,BDZ-00033,376,57.98,internal_capacity_network_screen,capacity_network_contingency_screen,False,False,screen_only_without_impedance
QX-00001,110,XL-00023,BDZ-00188,BDZ-00034,376,23.2,internal_capacity_network_screen,capacity_network_contingency_screen,False,False,screen_only_without_impedance
QX-00001,110,XL-00024,BDZ-00188,BDZ-00197,1060,42.7,internal_capacity_network_screen,capacity_network_contingency_screen,False,False,screen_only_without_impedance
QX-00001,110,XL-00025,BDZ-00188,BDZ-00058,660,17.09,internal_capacity_network_screen,capacity_network_contingency_screen,False,False,screen_only_without_impedance
QX-00001,110,XL-00026,BDZ-00188,BDZ-00105,660,32.46,internal_capacity_network_screen,capacity_network_contingency_screen,False,False,screen_only_without_impedance
QX-00001,110,XL-00027,BDZ-00188,BDZ-00116,1060,48.22,internal_capacity_network_screen,capacity_network_contingency_screen,False,False,screen_only_without_impedance
QX-00001,110,XL-00028,BDZ-00188,BDZ-00117,445,16.53,internal_capacity_network_screen,capacity_network_contingency_screen,False,False,screen_only_without_impedance
QX-00001,110,XL-00029,BDZ-00188,BDZ-00123,376,88.64,internal_capacity_network_screen,capacity_network_contingency_screen,False,False,screen_only_without_impedance
QX-00001,110,XL-00030,BDZ-00188,BDZ-00126,376,65.2,internal_capacity_network_screen,capacity_network_contingency_screen,False,False,screen_only_without_impedance
QX-00001,110,XL-00031,BDZ-00188,BDZ-00174,1060,33.91,internal_capacity_network_screen,capacity_network_contingency_screen,False,False,screen_only_without_impedance
QX-00001,110,XL-00032,BDZ-00188,BDZ-00174,1060,29.35,internal_capacity_network_screen,capacity_network_contingency_screen,False,False,screen_only_without_impedance
QX-00001,110,XL-00033,BDZ-00190,BDZ-00034,1060,10.7,internal_capacity_network_screen,capacity_network_contingency_screen,False,False,screen_only_without_impedance
QX-00001,110,XL-00034,BDZ-00190,BDZ-00046,511,68.71,internal_capacity_network_screen,capacity_network_contingency_screen,False,False,screen_only_without_impedance
QX-00001,110,XL-00035,BDZ-00190,BDZ-00197,660,1.06,internal_capacity_network_screen,capacity_network_contingency_screen,False,False,screen_only_without_impedance
QX-00001,110,XL-00036,BDZ-00190,BDZ-00082,1060,9.87,internal_capacity_network_screen,capacity_network_contingency_screen,False,False,screen_only_without_impedance
QX-00001,110,XL-00037,BDZ-00190,BDZ-00132,1060,13.65,internal_capacity_network_screen,capacity_network_contingency_screen,False,False,screen_only_without_impedance
QX-00001,110,XL-00041,BDZ-00190,BDZ-00177,660,14.5,internal_capacity_network_screen,capacity_network_contingency_screen,False,False,screen_only_without_impedance
QX-00001,110,XL-00072,BDZ-00197,BDZ-00116,1060,48.83,internal_capacity_network_screen,capacity_network_contingency_screen,False,False,screen_only_without_impedance
QX-00001,110,XL-00073,BDZ-00197,BDZ-00117,660,14.85,internal_capacity_network_screen,capacity_network_contingency_screen,False,False,screen_only_without_impedance
QX-00001,110,XL-00074,BDZ-00197,BDZ-00123,660,33.64,internal_capacity_network_screen,capacity_network_contingency_screen,False,False,screen_only_without_impedance
QX-00001,110,XL-00079,BDZ-00197,BDZ-00165,660,38.94,internal_capacity_network_screen,capacity_network_contingency_screen,False,False,screen_only_without_impedance
QX-00001,110,XL-00137,BDZ-00193,BDZ-00088,660,42.56,internal_capacity_network_screen,capacity_network_contingency_screen,False,False,screen_only_without_impedance
QX-00001,110,XL-00138,BDZ-00208,BDZ-00015,660,12.15,internal_capacity_network_screen,capacity_network_contingency_screen,False,False,screen_only_without_impedance
QX-00001,110,XL-00140,BDZ-00208,BDZ-00072,511,25.56,internal_capacity_network_screen,capacity_network_contingency_screen,False,False,screen_only_without_impedance
QX-00001,110,XL-00141,BDZ-00208,BDZ-00072,445,40.21,internal_capacity_network_screen,capacity_network_contingency_screen,False,False,screen_only_without_impedance
QX-00001,110,XL-00143,BDZ-00208,BDZ-00132,511,32.51,internal_capacity_network_screen,capacity_network_contingency_screen,False,False,screen_only_without_impedance
QX-00001,110,XL-00144,BDZ-00208,BDZ-00190,1060,15.89,internal_capacity_network_screen,capacity_network_contingency_screen,False,False,screen_only_without_impedance
QX-00001,110,XL-00268,BDZ-00190,BDZ-00033,376,61.34,internal_capacity_network_screen,capacity_network_contingency_screen,False,False,screen_only_without_impedance
QX-00003,110,XL-00060,BDZ-00192,BDZ-00183,660,12.11,internal_capacity_network_screen,capacity_network_contingency_screen,False,False,screen_only_without_impedance
QX-00003,110,XL-00111,BDZ-00204,BDZ-00019,511,34.11,internal_capacity_network_screen,capacity_network_contingency_screen,False,False,screen_only_without_impedance
QX-00003,110,XL-00112,BDZ-00204,BDZ-00025,376,102.26,internal_capacity_network_screen,capacity_network_contingency_screen,False,False,screen_only_without_impedance
QX-00003,110,XL-00113,BDZ-00204,BDZ-00101,376,26.27,internal_capacity_network_screen,capacity_network_contingency_screen,False,False,screen_only_without_impedance
QX-00003,110,XL-00114,BDZ-00204,BDZ-00158,660,15.66,internal_capacity_network_screen,capacity_network_contingency_screen,False,False,screen_only_without_impedance
QX-00003,110,XL-00115,BDZ-00204,BDZ-00239,660,19.24,internal_capacity_network_screen,capacity_network_contingency_screen,False,False,screen_only_without_impedance
QX-00003,110,XL-00116,BDZ-00204,BDZ-00239,376,52.7,internal_capacity_network_screen,capacity_network_contingency_screen,False,False,screen_only_without_impedance
QX-00003,110,XL-00155,BDZ-00210,BDZ-00025,376,94.95,internal_capacity_network_screen,capacity_network_contingency_screen,False,False,screen_only_without_impedance
QX-00003,110,XL-00157,BDZ-00210,BDZ-00007,376,78.13,internal_capacity_network_screen,capacity_network_contingency_screen,False,False,screen_only_without_impedance
QX-00003,110,XL-00159,BDZ-00210,BDZ-00017,1060,17.71,internal_capacity_network_screen,capacity_network_contingency_screen,False,False,screen_only_without_impedance
QX-00003,110,XL-00160,BDZ-00210,BDZ-00153,660,12.24,internal_capacity_network_screen,capacity_network_contingency_screen,False,False,screen_only_without_impedance
QX-00003,110,XL-00161,BDZ-00210,BDZ-00153,660,9.66,internal_capacity_network_screen,capacity_network_contingency_screen,False,False,screen_only_without_impedance
QX-00003,110,XL-00162,BDZ-00210,BDZ-00374,660,17.69,internal_capacity_network_screen,capacity_network_contingency_screen,False,False,screen_only_without_impedance
QX-00003,110,XL-00164,BDZ-00210,BDZ-00183,660,10.98,internal_capacity_network_screen,capacity_network_contingency_screen,False,False,screen_only_without_impedance
QX-00003,110,XL-00165,BDZ-00211,BDZ-00101,660,18.87,internal_capacity_network_screen,capacity_network_contingency_screen,False,False,screen_only_without_impedance
QX-00003,110,XL-00166,BDZ-00211,BDZ-00060,660,7.03,internal_capacity_network_screen,capacity_network_contingency_screen,False,False,screen_only_without_impedance
QX-00003,110,XL-00167,BDZ-00211,BDZ-00060,660,6.87,internal_capacity_network_screen,capacity_network_contingency_screen,False,False,screen_only_without_impedance
QX-00003,110,XL-00169,BDZ-00211,BDZ-00017,511,49.63,internal_capacity_network_screen,capacity_network_contingency_screen,False,False,screen_only_without_impedance
QX-00003,110,XL-00339,BDZ-00239,BDZ-00019,660,32.18,internal_capacity_network_screen,capacity_network_contingency_screen,False,False,screen_only_without_impedance
QX-00004,110,XL-00038,BDZ-00213,BDZ-00152,376,0.47,internal_capacity_network_screen,capacity_network_contingency_screen,False,False,screen_only_without_impedance
QX-00004,110,XL-00071,BDZ-00196,BDZ-00061,660,25.51,internal_capacity_network_screen,capacity_network_contingency_screen,False,False,screen_only_without_impedance
QX-00004,110,XL-00075,BDZ-00196,BDZ-00130,660,16.98,internal_capacity_network_screen,capacity_network_contingency_screen,False,False,screen_only_without_impedance
QX-00004,110,XL-00076,BDZ-00047,BDZ-00140,511,28.1,internal_capacity_network_screen,capacity_network_contingency_screen,False,False,screen_only_without_impedance
QX-00004,110,XL-00077,BDZ-00047,BDZ-00140,660,9.94,internal_capacity_network_screen,capacity_network_contingency_screen,False,False,screen_only_without_impedance
QX-00004,110,XL-00078,BDZ-00196,BDZ-00149,660,27.99,internal_capacity_network_screen,capacity_network_contingency_screen,False,False,screen_only_without_impedance
QX-00004,110,XL-00099,BDZ-00232,BDZ-00236,1060,14.4,internal_capacity_network_screen,capacity_network_contingency_screen,False,False,screen_only_without_impedance
QX-00004,110,XL-00126,BDZ-00206,BDZ-00008,660,16.94,internal_capacity_network_screen,capacity_network_contingency_screen,False,False,screen_only_without_impedance
QX-00004,110,XL-00127,BDZ-00206,BDZ-00008,660,49.65,internal_capacity_network_screen,capacity_network_contingency_screen,False,False,screen_only_without_impedance
QX-00004,110,XL-00128,BDZ-00206,BDZ-00047,511,25.5,internal_capacity_network_screen,capacity_network_contingency_screen,False,False,screen_only_without_impedance
QX-00004,110,XL-00129,BDZ-00206,BDZ-00047,1060,17.99,internal_capacity_network_screen,capacity_network_contingency_screen,False,False,screen_only_without_impedance
QX-00004,110,XL-00130,BDZ-00206,BDZ-00083,660,26.97,internal_capacity_network_screen,capacity_network_contingency_screen,False,False,screen_only_without_impedance
QX-00004,110,XL-00131,BDZ-00206,BDZ-00083,660,18.18,internal_capacity_network_screen,capacity_network_contingency_screen,False,False,screen_only_without_impedance
QX-00004,110,XL-00139,BDZ-00208,BDZ-00061,511,18.16,internal_capacity_network_screen,capacity_network_contingency_screen,False,False,screen_only_without_impedance
QX-00004,110,XL-00142,BDZ-00208,BDZ-00098,1060,15.02,internal_capacity_network_screen,capacity_network_contingency_screen,False,False,screen_only_without_impedance
QX-00004,110,XL-00170,BDZ-00093,BDZ-00083,660,27.27,internal_capacity_network_screen,capacity_network_contingency_screen,False,False,screen_only_without_impedance
QX-00004,110,XL-00171,BDZ-00093,BDZ-00083,660,38.62,internal_capacity_network_screen,capacity_network_contingency_screen,False,False,screen_only_without_impedance
QX-00004,110,XL-00253,BDZ-00130,BDZ-00382,511,0.04,internal_capacity_network_screen,capacity_network_contingency_screen,False,False,screen_only_without_impedance
QX-00004,110,XL-00269,BDZ-00227,BDZ-00001,660,15.49,internal_capacity_network_screen,capacity_network_contingency_screen,False,False,screen_only_without_impedance
QX-00004,110,XL-00270,BDZ-00227,BDZ-00001,660,18.27,internal_capacity_network_screen,capacity_network_contingency_screen,False,False,screen_only_without_impedance
QX-00004,110,XL-00271,BDZ-00227,BDZ-00075,1060,20.31,internal_capacity_network_screen,capacity_network_contingency_screen,False,False,screen_only_without_impedance
QX-00004,110,XL-00272,BDZ-00227,BDZ-00029,1060,19.17,internal_capacity_network_screen,capacity_network_contingency_screen,False,False,screen_only_without_impedance
QX-00004,110,XL-00273,BDZ-00227,BDZ-00064,1060,13.77,internal_capacity_network_screen,capacity_network_contingency_screen,False,False,screen_only_without_impedance
QX-00004,110,XL-00274,BDZ-00227,BDZ-00169,660,31.49,internal_capacity_network_screen,capacity_network_contingency_screen,False,False,screen_only_without_impedance
QX-00004,110,XL-00275,BDZ-00227,BDZ-00181,445,29.2,internal_capacity_network_screen,capacity_network_contingency_screen,False,False,screen_only_without_impedance
QX-00004,110,XL-00276,BDZ-00227,BDZ-00181,445,34.46,internal_capacity_network_screen,capacity_network_contingency_screen,False,False,screen_only_without_impedance
QX-00004,110,XL-00277,BDZ-00227,BDZ-00182,1060,13.75,internal_capacity_network_screen,capacity_network_contingency_screen,False,False,screen_only_without_impedance
QX-00004,110,XL-00284,BDZ-00229,BDZ-00130,660,21.67,internal_capacity_network_screen,capacity_network_contingency_screen,False,False,screen_only_without_impedance
QX-00004,110,XL-00285,BDZ-00229,BDZ-00149,660,22.18,internal_capacity_network_screen,capacity_network_contingency_screen,False,False,screen_only_without_impedance
QX-00004,110,XL-00297,BDZ-00232,BDZ-00041,1060,17.82,internal_capacity_network_screen,capacity_network_contingency_screen,False,False,screen_only_without_impedance
QX-00004,110,XL-00298,BDZ-00232,BDZ-00064,1060,14.5,internal_capacity_network_screen,capacity_network_contingency_screen,False,False,screen_only_without_impedance
QX-00004,110,XL-00300,BDZ-00232,BDZ-00082,1060,14.17,internal_capacity_network_screen,capacity_network_contingency_screen,False,False,screen_only_without_impedance
QX-00004,110,XL-00301,BDZ-00232,BDZ-00208,511,28.29,internal_capacity_network_screen,capacity_network_contingency_screen,False,False,screen_only_without_impedance
QX-00004,110,XL-00302,BDZ-00232,BDZ-00093,301,68.24,internal_capacity_network_screen,capacity_network_contingency_screen,False,False,screen_only_without_impedance
QX-00004,110,XL-00303,BDZ-00232,BDZ-00227,445,29.8,internal_capacity_network_screen,capacity_network_contingency_screen,False,False,screen_only_without_impedance
QX-00004,110,XL-00304,BDZ-00232,BDZ-00227,445,0,internal_capacity_network_screen,capacity_network_contingency_screen,False,False,screen_only_without_impedance
QX-00004,110,XL-00305,BDZ-00232,BDZ-00182,1060,13.07,internal_capacity_network_screen,capacity_network_contingency_screen,False,False,screen_only_without_impedance
QX-00004,110,XL-00320,BDZ-00236,BDZ-00002,660,19.16,internal_capacity_network_screen,capacity_network_contingency_screen,False,False,screen_only_without_impedance
QX-00004,110,XL-00321,BDZ-00236,BDZ-00002,660,21.2,internal_capacity_network_screen,capacity_network_contingency_screen,False,False,screen_only_without_impedance
QX-00004,110,XL-00322,BDZ-00236,BDZ-00029,660,19.01,internal_capacity_network_screen,capacity_network_contingency_screen,False,False,screen_only_without_impedance
QX-00004,110,XL-00323,BDZ-00236,BDZ-00041,1060,16.97,internal_capacity_network_screen,capacity_network_contingency_screen,False,False,screen_only_without_impedance
QX-00004,110,XL-00324,BDZ-00236,BDZ-00140,1060,27.76,internal_capacity_network_screen,capacity_network_contingency_screen,False,False,screen_only_without_impedance
QX-00004,110,XL-00325,BDZ-00236,BDZ-00140,511,75.57,internal_capacity_network_screen,capacity_network_contingency_screen,False,False,screen_only_without_impedance
QX-00004,110,XL-00326,BDZ-00236,BDZ-00152,376,42.55,internal_capacity_network_screen,capacity_network_contingency_screen,False,False,screen_only_without_impedance
QX-00004,110,XL-00327,BDZ-00236,BDZ-00169,660,42.09,internal_capacity_network_screen,capacity_network_contingency_screen,False,False,screen_only_without_impedance
QX-00004,110,XL-00357,BDZ-00243,BDZ-00075,1060,24.19,internal_capacity_network_screen,capacity_network_contingency_screen,False,False,screen_only_without_impedance
QX-00005,110,XL-00001,BDZ-00186,BDZ-00095,660,30.06,internal_capacity_network_screen,capacity_network_contingency_screen,False,False,screen_only_without_impedance
QX-00005,110,XL-00002,BDZ-00186,BDZ-00022,660,64.54,internal_capacity_network_screen,capacity_network_contingency_screen,False,False,screen_only_without_impedance
QX-00005,110,XL-00003,BDZ-00186,BDZ-00031,660,65.18,internal_capacity_network_screen,capacity_network_contingency_screen,False,False,screen_only_without_impedance
QX-00005,110,XL-00004,BDZ-00186,BDZ-00037,511,94.78,internal_capacity_network_screen,capacity_network_contingency_screen,False,False,screen_only_without_impedance
QX-00005,110,XL-00005,BDZ-00186,BDZ-00348,660,69.17,internal_capacity_network_screen,capacity_network_contingency_screen,False,False,screen_only_without_impedance
QX-00005,110,XL-00006,BDZ-00186,BDZ-00135,660,52.81,internal_capacity_network_screen,capacity_network_contingency_screen,False,False,screen_only_without_impedance
QX-00005,110,XL-00007,BDZ-00186,BDZ-00021,1060,15.4,internal_capacity_network_screen,capacity_network_contingency_screen,False,False,screen_only_without_impedance
QX-00005,110,XL-00008,BDZ-00186,BDZ-00146,660,11.99,internal_capacity_network_screen,capacity_network_contingency_screen,False,False,screen_only_without_impedance
QX-00005,110,XL-00009,BDZ-00186,BDZ-00146,660,21.9,internal_capacity_network_screen,capacity_network_contingency_screen,False,False,screen_only_without_impedance
QX-00005,110,XL-00010,BDZ-00186,BDZ-00341,660,22.76,internal_capacity_network_screen,capacity_network_contingency_screen,False,False,screen_only_without_impedance
QX-00005,110,XL-00042,BDZ-00022,BDZ-00162,660,21.99,internal_capacity_network_screen,capacity_network_contingency_screen,False,False,screen_only_without_impedance
QX-00005,110,XL-00043,BDZ-00022,BDZ-00162,660,17.75,internal_capacity_network_screen,capacity_network_contingency_screen,False,False,screen_only_without_impedance
QX-00005,110,XL-00054,BDZ-00027,BDZ-00336,660,9.68,internal_capacity_network_screen,capacity_network_contingency_screen,False,False,screen_only_without_impedance
QX-00005,110,XL-00067,BDZ-00195,BDZ-00056,660,0,internal_capacity_network_screen,capacity_network_contingency_screen,False,False,screen_only_without_impedance
QX-00005,110,XL-00068,BDZ-00195,BDZ-00028,376,84.47,internal_capacity_network_screen,capacity_network_contingency_screen,False,False,screen_only_without_impedance
QX-00005,110,XL-00069,BDZ-00195,BDZ-00135,376,59.41,internal_capacity_network_screen,capacity_network_contingency_screen,False,False,screen_only_without_impedance
QX-00005,110,XL-00070,BDZ-00195,BDZ-00147,511,92.72,internal_capacity_network_screen,capacity_network_contingency_screen,False,False,screen_only_without_impedance
QX-00005,110,XL-00088,BDZ-00199,BDZ-00027,660,40.24,internal_capacity_network_screen,capacity_network_contingency_screen,False,False,screen_only_without_impedance
QX-00005,110,XL-00089,BDZ-00199,BDZ-00027,660,0,internal_capacity_network_screen,capacity_network_contingency_screen,False,False,screen_only_without_impedance
QX-00005,110,XL-00091,BDZ-00199,BDZ-00048,511,42.81,internal_capacity_network_screen,capacity_network_contingency_screen,False,False,screen_only_without_impedance
QX-00005,110,XL-00092,BDZ-00199,BDZ-00056,660,0,internal_capacity_network_screen,capacity_network_contingency_screen,False,False,screen_only_without_impedance
QX-00005,110,XL-00093,BDZ-00199,BDZ-00078,376,81.1,internal_capacity_network_screen,capacity_network_contingency_screen,False,False,screen_only_without_impedance
QX-00005,110,XL-00094,BDZ-00199,BDZ-00028,376,95.79,internal_capacity_network_screen,capacity_network_contingency_screen,False,False,screen_only_without_impedance
QX-00005,110,XL-00212,BDZ-00220,BDZ-00022,376,48.1,internal_capacity_network_screen,capacity_network_contingency_screen,False,False,screen_only_without_impedance
QX-00005,110,XL-00213,BDZ-00220,BDZ-00167,376,58.31,internal_capacity_network_screen,capacity_network_contingency_screen,False,False,screen_only_without_impedance
QX-00005,110,XL-00214,BDZ-00220,BDZ-00375,376,46.15,internal_capacity_network_screen,capacity_network_contingency_screen,False,False,screen_only_without_impedance
QX-00005,110,XL-00215,BDZ-00220,BDZ-00026,511,71.49,internal_capacity_network_screen,capacity_network_contingency_screen,False,False,screen_only_without_impedance
QX-00005,110,XL-00216,BDZ-00220,BDZ-00078,445,53.81,internal_capacity_network_screen,capacity_network_contingency_screen,False,False,screen_only_without_impedance
QX-00005,110,XL-00217,BDZ-00220,BDZ-00096,376,54.02,internal_capacity_network_screen,capacity_network_contingency_screen,False,False,screen_only_without_impedance
QX-00005,110,XL-00218,BDZ-00220,BDZ-00199,376,47.01,internal_capacity_network_screen,capacity_network_contingency_screen,False,False,screen_only_without_impedance
QX-00005,110,XL-00219,BDZ-00220,BDZ-00147,445,41.87,internal_capacity_network_screen,capacity_network_contingency_screen,False,False,screen_only_without_impedance
QX-00005,110,XL-00220,BDZ-00220,BDZ-00124,376,62.29,internal_capacity_network_screen,capacity_network_contingency_screen,False,False,screen_only_without_impedance
QX-00005,110,XL-00221,BDZ-00220,BDZ-00195,376,61.16,internal_capacity_network_screen,capacity_network_contingency_screen,False,False,screen_only_without_impedance
QX-00005,110,XL-00222,BDZ-00220,BDZ-00195,376,27.44,internal_capacity_network_screen,capacity_network_contingency_screen,False,False,screen_only_without_impedance
QX-00005,110,XL-00233,BDZ-00222,BDZ-00005,660,20.7,internal_capacity_network_screen,capacity_network_contingency_screen,False,False,screen_only_without_impedance
QX-00005,110,XL-00234,BDZ-00222,BDZ-00037,660,57.96,internal_capacity_network_screen,capacity_network_contingency_screen,False,False,screen_only_without_impedance
QX-00005,110,XL-00235,BDZ-00222,BDZ-00016,660,46.52,internal_capacity_network_screen,capacity_network_contingency_screen,False,False,screen_only_without_impedance
QX-00005,110,XL-00236,BDZ-00222,BDZ-00007,376,58.62,internal_capacity_network_screen,capacity_network_contingency_screen,False,False,screen_only_without_impedance
QX-00005,110,XL-00237,BDZ-00222,BDZ-00164,660,22.55,internal_capacity_network_screen,capacity_network_contingency_screen,False,False,screen_only_without_impedance
QX-00005,110,XL-00238,BDZ-00222,BDZ-00124,511,30.04,internal_capacity_network_screen,capacity_network_contingency_screen,False,False,screen_only_without_impedance
QX-00005,110,XL-00265,BDZ-00141,BDZ-00362,511,74.73,internal_capacity_network_screen,capacity_network_contingency_screen,False,False,screen_only_without_impedance
QX-00005,110,XL-00294,BDZ-00162,BDZ-00146,660,9.48,internal_capacity_network_screen,capacity_network_contingency_screen,False,False,screen_only_without_impedance
QX-00005,110,XL-00330,BDZ-00238,BDZ-00005,511,18.03,internal_capacity_network_screen,capacity_network_contingency_screen,False,False,screen_only_without_impedance
QX-00005,110,XL-00332,BDZ-00238,BDZ-00048,376,74.99,internal_capacity_network_screen,capacity_network_contingency_screen,False,False,screen_only_without_impedance
QX-00005,110,XL-00333,BDZ-00238,BDZ-00096,511,68.11,internal_capacity_network_screen,capacity_network_contingency_screen,False,False,screen_only_without_impedance
QX-00005,110,XL-00334,BDZ-00238,BDZ-00016,660,27.38,internal_capacity_network_screen,capacity_network_contingency_screen,False,False,screen_only_without_impedance
QX-00005,110,XL-00335,BDZ-00238,BDZ-00141,511,68.11,internal_capacity_network_screen,capacity_network_contingency_screen,False,False,screen_only_without_impedance
QX-00005,110,XL-00336,BDZ-00238,BDZ-00141,376,40.58,internal_capacity_network_screen,capacity_network_contingency_screen,False,False,screen_only_without_impedance
QX-00005,110,XL-00337,BDZ-00238,BDZ-00172,511,20.44,internal_capacity_network_screen,capacity_network_contingency_screen,False,False,screen_only_without_impedance
QX-00005,110,XL-00338,BDZ-00238,BDZ-00172,511,21.89,internal_capacity_network_screen,capacity_network_contingency_screen,False,False,screen_only_without_impedance
QX-00007,110,XL-00017,BDZ-00187,BDZ-00053,511,49.7,internal_capacity_network_screen,capacity_network_contingency_screen,False,False,screen_only_without_impedance
QX-00007,110,XL-00018,BDZ-00187,BDZ-00068,660,62.49,internal_capacity_network_screen,capacity_network_contingency_screen,False,False,screen_only_without_impedance
QX-00007,110,XL-00019,BDZ-00187,BDZ-00139,445,82.58,internal_capacity_network_screen,capacity_network_contingency_screen,False,False,screen_only_without_impedance
QX-00007,110,XL-00047,BDZ-00191,BDZ-00115,376,65.16,internal_capacity_network_screen,capacity_network_contingency_screen,False,False,screen_only_without_impedance
QX-00007,110,XL-00048,BDZ-00191,BDZ-00134,376,46.56,internal_capacity_network_screen,capacity_network_contingency_screen,False,False,screen_only_without_impedance
QX-00007,110,XL-00049,BDZ-00191,BDZ-00136,376,105.06,internal_capacity_network_screen,capacity_network_contingency_screen,False,False,screen_only_without_impedance
QX-00007,110,XL-00050,BDZ-00191,BDZ-00151,376,84.35,internal_capacity_network_screen,capacity_network_contingency_screen,False,False,screen_only_without_impedance
QX-00007,110,XL-00053,BDZ-00191,BDZ-00175,511,28.92,internal_capacity_network_screen,capacity_network_contingency_screen,False,False,screen_only_without_impedance
QX-00007,110,XL-00055,BDZ-00192,BDZ-00004,660,23.72,internal_capacity_network_screen,capacity_network_contingency_screen,False,False,screen_only_without_impedance
QX-00007,110,XL-00056,BDZ-00192,BDZ-00013,660,33.71,internal_capacity_network_screen,capacity_network_contingency_screen,False,False,screen_only_without_impedance
QX-00007,110,XL-00058,BDZ-00192,BDZ-00142,660,14.4,internal_capacity_network_screen,capacity_network_contingency_screen,False,False,screen_only_without_impedance
QX-00007,110,XL-00080,BDZ-00198,BDZ-00156,660,60.63,internal_capacity_network_screen,capacity_network_contingency_screen,False,False,screen_only_without_impedance
QX-00007,110,XL-00081,BDZ-00198,BDZ-00036,376,75.11,internal_capacity_network_screen,capacity_network_contingency_screen,False,False,screen_only_without_impedance
QX-00007,110,XL-00082,BDZ-00198,BDZ-00012,376,56.46,internal_capacity_network_screen,capacity_network_contingency_screen,False,False,screen_only_without_impedance
QX-00007,110,XL-00083,BDZ-00198,BDZ-00085,376,64.96,internal_capacity_network_screen,capacity_network_contingency_screen,False,False,screen_only_without_impedance
QX-00007,110,XL-00084,BDZ-00198,BDZ-00114,376,58.35,internal_capacity_network_screen,capacity_network_contingency_screen,False,False,screen_only_without_impedance
QX-00007,110,XL-00085,BDZ-00198,BDZ-00114,376,68.36,internal_capacity_network_screen,capacity_network_contingency_screen,False,False,screen_only_without_impedance
QX-00007,110,XL-00086,BDZ-00198,BDZ-00137,376,62.61,internal_capacity_network_screen,capacity_network_contingency_screen,False,False,screen_only_without_impedance
QX-00007,110,XL-00087,BDZ-00198,BDZ-00155,445,67.16,internal_capacity_network_screen,capacity_network_contingency_screen,False,False,screen_only_without_impedance
QX-00007,110,XL-00100,BDZ-00203,BDZ-00094,376,44.19,internal_capacity_network_screen,capacity_network_contingency_screen,False,False,screen_only_without_impedance
QX-00007,110,XL-00101,BDZ-00203,BDZ-00023,376,61.82,internal_capacity_network_screen,capacity_network_contingency_screen,False,False,screen_only_without_impedance
QX-00007,110,XL-00104,BDZ-00203,BDZ-00051,445,31.25,internal_capacity_network_screen,capacity_network_contingency_screen,False,False,screen_only_without_impedance
QX-00007,110,XL-00105,BDZ-00203,BDZ-00216,445,44.25,internal_capacity_network_screen,capacity_network_contingency_screen,False,False,screen_only_without_impedance
QX-00007,110,XL-00106,BDZ-00203,BDZ-00115,511,43.22,internal_capacity_network_screen,capacity_network_contingency_screen,False,False,screen_only_without_impedance
QX-00007,110,XL-00109,BDZ-00203,BDZ-00154,445,27.54,internal_capacity_network_screen,capacity_network_contingency_screen,False,False,screen_only_without_impedance
QX-00007,110,XL-00110,BDZ-00203,BDZ-00175,660,19.82,internal_capacity_network_screen,capacity_network_contingency_screen,False,False,screen_only_without_impedance
QX-00007,110,XL-00158,BDZ-00210,BDZ-00142,660,12.73,internal_capacity_network_screen,capacity_network_contingency_screen,False,False,screen_only_without_impedance
QX-00007,110,XL-00180,BDZ-00215,BDZ-00024,376,55.87,internal_capacity_network_screen,capacity_network_contingency_screen,False,False,screen_only_without_impedance
QX-00007,110,XL-00182,BDZ-00215,BDZ-00110,660,15.3,internal_capacity_network_screen,capacity_network_contingency_screen,False,False,screen_only_without_impedance
QX-00007,110,XL-00183,BDZ-00215,BDZ-00110,660,39.57,internal_capacity_network_screen,capacity_network_contingency_screen,False,False,screen_only_without_impedance
QX-00007,110,XL-00184,BDZ-00215,BDZ-00139,376,60.98,internal_capacity_network_screen,capacity_network_contingency_screen,False,False,screen_only_without_impedance
QX-00007,110,XL-00186,BDZ-00216,BDZ-00036,445,72.83,internal_capacity_network_screen,capacity_network_contingency_screen,False,False,screen_only_without_impedance
QX-00007,110,XL-00187,BDZ-00216,BDZ-00074,511,45.4,internal_capacity_network_screen,capacity_network_contingency_screen,False,False,screen_only_without_impedance
QX-00007,110,XL-00188,BDZ-00216,BDZ-00114,511,63.99,internal_capacity_network_screen,capacity_network_contingency_screen,False,False,screen_only_without_impedance
QX-00007,110,XL-00189,BDZ-00216,BDZ-00119,511,65.44,internal_capacity_network_screen,capacity_network_contingency_screen,False,False,screen_only_without_impedance
QX-00007,110,XL-00201,BDZ-00218,BDZ-00068,660,31.43,internal_capacity_network_screen,capacity_network_contingency_screen,False,False,screen_only_without_impedance
QX-00007,110,XL-00208,BDZ-00219,BDZ-00094,511,30.68,internal_capacity_network_screen,capacity_network_contingency_screen,False,False,screen_only_without_impedance
QX-00007,110,XL-00209,BDZ-00219,BDZ-00023,511,45.57,internal_capacity_network_screen,capacity_network_contingency_screen,False,False,screen_only_without_impedance
QX-00007,110,XL-00210,BDZ-00219,BDZ-00051,660,24.45,internal_capacity_network_screen,capacity_network_contingency_screen,False,False,screen_only_without_impedance
QX-00007,110,XL-00211,BDZ-00219,BDZ-00103,301,45.46,internal_capacity_network_screen,capacity_network_contingency_screen,False,False,screen_only_without_impedance
QX-00007,110,XL-00225,BDZ-00221,BDZ-00004,660,17.37,internal_capacity_network_screen,capacity_network_contingency_screen,False,False,screen_only_without_impedance
QX-00007,110,XL-00226,BDZ-00221,BDZ-00156,376,59.25,internal_capacity_network_screen,capacity_network_contingency_screen,False,False,screen_only_without_impedance
QX-00007,110,XL-00227,BDZ-00221,BDZ-00187,511,29.56,internal_capacity_network_screen,capacity_network_contingency_screen,False,False,screen_only_without_impedance
QX-00007,110,XL-00228,BDZ-00221,BDZ-00013,511,44.59,internal_capacity_network_screen,capacity_network_contingency_screen,False,False,screen_only_without_impedance
QX-00007,110,XL-00229,BDZ-00221,BDZ-00053,511,69.43,internal_capacity_network_screen,capacity_network_contingency_screen,False,False,screen_only_without_impedance
QX-00007,110,XL-00230,BDZ-00221,BDZ-00085,511,69.06,internal_capacity_network_screen,capacity_network_contingency_screen,False,False,screen_only_without_impedance
QX-00007,110,XL-00231,BDZ-00221,BDZ-00106,660,6.74,internal_capacity_network_screen,capacity_network_contingency_screen,False,False,screen_only_without_impedance
QX-00007,110,XL-00239,BDZ-00223,BDZ-00191,376,47.69,internal_capacity_network_screen,capacity_network_contingency_screen,False,False,screen_only_without_impedance
QX-00007,110,XL-00240,BDZ-00223,BDZ-00042,445,48.97,internal_capacity_network_screen,capacity_network_contingency_screen,False,False,screen_only_without_impedance
QX-00007,110,XL-00241,BDZ-00223,BDZ-00062,445,90.95,internal_capacity_network_screen,capacity_network_contingency_screen,False,False,screen_only_without_impedance
QX-00007,110,XL-00242,BDZ-00223,BDZ-00103,376,70.28,internal_capacity_network_screen,capacity_network_contingency_screen,False,False,screen_only_without_impedance
QX-00007,110,XL-00243,BDZ-00223,BDZ-00219,511,46.17,internal_capacity_network_screen,capacity_network_contingency_screen,False,False,screen_only_without_impedance
QX-00007,110,XL-00244,BDZ-00223,BDZ-00151,469,54.44,internal_capacity_network_screen,capacity_network_contingency_screen,False,False,screen_only_without_impedance
QX-00007,110,XL-00245,BDZ-00223,BDZ-00154,511,16.94,internal_capacity_network_screen,capacity_network_contingency_screen,False,False,screen_only_without_impedance
QX-00007,110,XL-00247,BDZ-00233,BDZ-00216,660,22.45,internal_capacity_network_screen,capacity_network_contingency_screen,False,False,screen_only_without_impedance
QX-00007,110,XL-00248,BDZ-00233,BDZ-00216,660,42.16,internal_capacity_network_screen,capacity_network_contingency_screen,False,False,screen_only_without_impedance
QX-00007,110,XL-00249,BDZ-00233,BDZ-00137,301,95.86,internal_capacity_network_screen,capacity_network_contingency_screen,False,False,screen_only_without_impedance
QX-00007,110,XL-00250,BDZ-00233,BDZ-00371,660,1.45,internal_capacity_network_screen,capacity_network_contingency_screen,False,False,screen_only_without_impedance
QX-00007,110,XL-00251,BDZ-00233,BDZ-00371,660,19.42,internal_capacity_network_screen,capacity_network_contingency_screen,False,False,screen_only_without_impedance
QX-00007,110,XL-00252,BDZ-00060,BDZ-00059,511,3.12,internal_capacity_network_screen,capacity_network_contingency_screen,False,False,screen_only_without_impedance
QX-00007,110,XL-00255,BDZ-00224,BDZ-00119,511,43.3,internal_capacity_network_screen,capacity_network_contingency_screen,False,False,screen_only_without_impedance
QX-00007,110,XL-00257,BDZ-00224,BDZ-00134,376,31.43,internal_capacity_network_screen,capacity_network_contingency_screen,False,False,screen_only_without_impedance
QX-00007,110,XL-00258,BDZ-00224,BDZ-00229,376,41.69,internal_capacity_network_screen,capacity_network_contingency_screen,False,False,screen_only_without_impedance
QX-00007,110,XL-00266,BDZ-00142,BDZ-00372,660,8.77,internal_capacity_network_screen,capacity_network_contingency_screen,False,False,screen_only_without_impedance
QX-00007,110,XL-00267,BDZ-00142,BDZ-00372,660,10.56,internal_capacity_network_screen,capacity_network_contingency_screen,False,False,screen_only_without_impedance
QX-00007,110,XL-00306,BDZ-00233,BDZ-00012,445,74.51,internal_capacity_network_screen,capacity_network_contingency_screen,False,False,screen_only_without_impedance
QX-00007,110,XL-00307,BDZ-00233,BDZ-00102,660,17.83,internal_capacity_network_screen,capacity_network_contingency_screen,False,False,screen_only_without_impedance
QX-00007,110,XL-00308,BDZ-00233,BDZ-00361,660,28.9,internal_capacity_network_screen,capacity_network_contingency_screen,False,False,screen_only_without_impedance
QX-00007,110,XL-00348,BDZ-00242,BDZ-00024,445,81.12,internal_capacity_network_screen,capacity_network_contingency_screen,False,False,screen_only_without_impedance
QX-00007,110,XL-00349,BDZ-00242,BDZ-00042,445,54.56,internal_capacity_network_screen,capacity_network_contingency_screen,False,False,screen_only_without_impedance
QX-00007,110,XL-00351,BDZ-00242,BDZ-00062,445,31.73,internal_capacity_network_screen,capacity_network_contingency_screen,False,False,screen_only_without_impedance
QX-00007,110,XL-00352,BDZ-00242,BDZ-00356,445,21.86,internal_capacity_network_screen,capacity_network_contingency_screen,False,False,screen_only_without_impedance
QX-00007,110,XL-00354,BDZ-00242,BDZ-00148,445,42.69,internal_capacity_network_screen,capacity_network_contingency_screen,False,False,screen_only_without_impedance
QX-00008,110,XL-00061,BDZ-00038,BDZ-00373,660,48.09,internal_capacity_network_screen,capacity_network_contingency_screen,False,False,screen_only_without_impedance
QX-00008,110,XL-00145,BDZ-00209,BDZ-00038,1060,36,internal_capacity_network_screen,capacity_network_contingency_screen,False,False,screen_only_without_impedance
QX-00008,110,XL-00146,BDZ-00209,BDZ-00045,1060,23.27,internal_capacity_network_screen,capacity_network_contingency_screen,False,False,screen_only_without_impedance
QX-00008,110,XL-00147,BDZ-00209,BDZ-00066,660,12.73,internal_capacity_network_screen,capacity_network_contingency_screen,False,False,screen_only_without_impedance
QX-00008,110,XL-00148,BDZ-00209,BDZ-00070,660,57.73,internal_capacity_network_screen,capacity_network_contingency_screen,False,False,screen_only_without_impedance
QX-00008,110,XL-00149,BDZ-00209,BDZ-00073,660,54.23,internal_capacity_network_screen,capacity_network_contingency_screen,False,False,screen_only_without_impedance
QX-00008,110,XL-00150,BDZ-00209,BDZ-00073,660,25.06,internal_capacity_network_screen,capacity_network_contingency_screen,False,False,screen_only_without_impedance
QX-00008,110,XL-00151,BDZ-00209,BDZ-00100,1060,25.62,internal_capacity_network_screen,capacity_network_contingency_screen,False,False,screen_only_without_impedance
QX-00008,110,XL-00152,BDZ-00209,BDZ-00104,660,50.52,internal_capacity_network_screen,capacity_network_contingency_screen,False,False,screen_only_without_impedance
QX-00008,110,XL-00153,BDZ-00209,BDZ-00379,660,55.74,internal_capacity_network_screen,capacity_network_contingency_screen,False,False,screen_only_without_impedance
QX-00008,110,XL-00154,BDZ-00209,BDZ-00244,1060,22.47,internal_capacity_network_screen,capacity_network_contingency_screen,False,False,screen_only_without_impedance
QX-00008,110,XL-00190,BDZ-00217,BDZ-00030,1060,21.58,internal_capacity_network_screen,capacity_network_contingency_screen,False,False,screen_only_without_impedance
QX-00008,110,XL-00191,BDZ-00217,BDZ-00226,660,42.04,internal_capacity_network_screen,capacity_network_contingency_screen,False,False,screen_only_without_impedance
QX-00008,110,XL-00192,BDZ-00217,BDZ-00066,660,23.34,internal_capacity_network_screen,capacity_network_contingency_screen,False,False,screen_only_without_impedance
QX-00008,110,XL-00193,BDZ-00217,BDZ-00230,511,66.62,internal_capacity_network_screen,capacity_network_contingency_screen,False,False,screen_only_without_impedance
QX-00008,110,XL-00194,BDZ-00217,BDZ-00100,376,115.67,internal_capacity_network_screen,capacity_network_contingency_screen,False,False,screen_only_without_impedance
QX-00008,110,XL-00195,BDZ-00217,BDZ-00107,660,19.77,internal_capacity_network_screen,capacity_network_contingency_screen,False,False,screen_only_without_impedance
QX-00008,110,XL-00196,BDZ-00217,BDZ-00125,445,81.46,internal_capacity_network_screen,capacity_network_contingency_screen,False,False,screen_only_without_impedance
QX-00008,110,XL-00197,BDZ-00217,BDZ-00166,1060,26.98,internal_capacity_network_screen,capacity_network_contingency_screen,False,False,screen_only_without_impedance
QX-00008,110,XL-00199,BDZ-00104,BDZ-00349,660,61.03,internal_capacity_network_screen,capacity_network_contingency_screen,False,False,screen_only_without_impedance
QX-00008,110,XL-00260,BDZ-00226,BDZ-00038,660,26.68,internal_capacity_network_screen,capacity_network_contingency_screen,False,False,screen_only_without_impedance
QX-00008,110,XL-00261,BDZ-00226,BDZ-00043,376,44.28,internal_capacity_network_screen,capacity_network_contingency_screen,False,False,screen_only_without_impedance
QX-00008,110,XL-00262,BDZ-00226,BDZ-00070,660,66.6,internal_capacity_network_screen,capacity_network_contingency_screen,False,False,screen_only_without_impedance
QX-00008,110,XL-00263,BDZ-00226,BDZ-00107,660,24.77,internal_capacity_network_screen,capacity_network_contingency_screen,False,False,screen_only_without_impedance
QX-00008,110,XL-00264,BDZ-00226,BDZ-00170,660,60.36,internal_capacity_network_screen,capacity_network_contingency_screen,False,False,screen_only_without_impedance
QX-00008,110,XL-00288,BDZ-00230,BDZ-00063,660,60.61,internal_capacity_network_screen,capacity_network_contingency_screen,False,False,screen_only_without_impedance
QX-00008,110,XL-00290,BDZ-00230,BDZ-00081,511,32.83,internal_capacity_network_screen,capacity_network_contingency_screen,False,False,screen_only_without_impedance
QX-00008,110,XL-00292,BDZ-00230,BDZ-00121,301,69.8,internal_capacity_network_screen,capacity_network_contingency_screen,False,False,screen_only_without_impedance
QX-00008,110,XL-00295,BDZ-00166,BDZ-00333,660,11.51,internal_capacity_network_screen,capacity_network_contingency_screen,False,False,screen_only_without_impedance
QX-00008,110,XL-00296,BDZ-00166,BDZ-00333,660,9.75,internal_capacity_network_screen,capacity_network_contingency_screen,False,False,screen_only_without_impedance
QX-00008,110,XL-00319,BDZ-00235,BDZ-00381,660,26.84,internal_capacity_network_screen,capacity_network_contingency_screen,False,False,screen_only_without_impedance
QX-00008,110,XL-00331,BDZ-00238,BDZ-00043,1060,39.43,internal_capacity_network_screen,capacity_network_contingency_screen,False,False,screen_only_without_impedance
QX-00008,110,XL-00360,BDZ-00244,BDZ-00003,660,35.2,internal_capacity_network_screen,capacity_network_contingency_screen,False,False,screen_only_without_impedance
QX-00008,110,XL-00361,BDZ-00244,BDZ-00030,1060,36.65,internal_capacity_network_screen,capacity_network_contingency_screen,False,False,screen_only_without_impedance
QX-00008,110,XL-00362,BDZ-00244,BDZ-00369,660,79.07,internal_capacity_network_screen,capacity_network_contingency_screen,False,False,screen_only_without_impedance
QX-00008,110,XL-00363,BDZ-00244,BDZ-00067,660,12.11,internal_capacity_network_screen,capacity_network_contingency_screen,False,False,screen_only_without_impedance
QX-00008,110,XL-00364,BDZ-00244,BDZ-00067,660,11.88,internal_capacity_network_screen,capacity_network_contingency_screen,False,False,screen_only_without_impedance
QX-00008,110,XL-00365,BDZ-00244,BDZ-00081,660,18.18,internal_capacity_network_screen,capacity_network_contingency_screen,False,False,screen_only_without_impedance
QX-00008,110,XL-00366,BDZ-00244,BDZ-00125,445,62.92,internal_capacity_network_screen,capacity_network_contingency_screen,False,False,screen_only_without_impedance
QX-00008,110,XL-00367,BDZ-00244,BDZ-00138,660,24.68,internal_capacity_network_screen,capacity_network_contingency_screen,False,False,screen_only_without_impedance
QX-00008,110,XL-00368,BDZ-00244,BDZ-00166,1060,17.2,internal_capacity_network_screen,capacity_network_contingency_screen,False,False,screen_only_without_impedance
QX-00009,110,XL-00039,BDZ-00014,BDZ-00378,511,0,internal_capacity_network_screen,capacity_network_contingency_screen,False,False,screen_only_without_impedance
QX-00009,110,XL-00040,BDZ-00014,BDZ-00378,511,0,internal_capacity_network_screen,capacity_network_contingency_screen,False,False,screen_only_without_impedance
QX-00009,110,XL-00044,BDZ-00191,BDZ-00014,511,0,internal_capacity_network_screen,capacity_network_contingency_screen,False,False,screen_only_without_impedance
QX-00009,110,XL-00045,BDZ-00191,BDZ-00014,511,0,internal_capacity_network_screen,capacity_network_contingency_screen,False,False,screen_only_without_impedance
QX-00009,110,XL-00046,BDZ-00191,BDZ-00055,660,20.85,internal_capacity_network_screen,capacity_network_contingency_screen,False,False,screen_only_without_impedance
QX-00009,110,XL-00057,BDZ-00192,BDZ-00084,660,19,internal_capacity_network_screen,capacity_network_contingency_screen,False,False,screen_only_without_impedance
QX-00009,110,XL-00059,BDZ-00192,BDZ-00020,301,52.95,internal_capacity_network_screen,capacity_network_contingency_screen,False,False,screen_only_without_impedance
QX-00009,110,XL-00062,BDZ-00194,BDZ-00163,511,4.53,internal_capacity_network_screen,capacity_network_contingency_screen,False,False,screen_only_without_impedance
QX-00009,110,XL-00063,BDZ-00194,BDZ-00347,660,80.57,internal_capacity_network_screen,capacity_network_contingency_screen,False,False,screen_only_without_impedance
QX-00009,110,XL-00064,BDZ-00194,BDZ-00069,511,32.75,internal_capacity_network_screen,capacity_network_contingency_screen,False,False,screen_only_without_impedance
QX-00009,110,XL-00065,BDZ-00194,BDZ-00358,511,0,internal_capacity_network_screen,capacity_network_contingency_screen,False,False,screen_only_without_impedance
QX-00009,110,XL-00066,BDZ-00194,BDZ-00087,511,22.01,internal_capacity_network_screen,capacity_network_contingency_screen,False,False,screen_only_without_impedance
QX-00009,110,XL-00098,BDZ-00194,BDZ-00228,511,10.26,internal_capacity_network_screen,capacity_network_contingency_screen,False,False,screen_only_without_impedance
QX-00009,110,XL-00117,BDZ-00068,BDZ-00384,511,34.52,internal_capacity_network_screen,capacity_network_contingency_screen,False,False,screen_only_without_impedance
QX-00009,110,XL-00118,BDZ-00068,BDZ-00384,511,0,internal_capacity_network_screen,capacity_network_contingency_screen,False,False,screen_only_without_impedance
QX-00009,110,XL-00156,BDZ-00210,BDZ-00079,445,51.6,internal_capacity_network_screen,capacity_network_contingency_screen,False,False,screen_only_without_impedance
QX-00009,110,XL-00163,BDZ-00210,BDZ-00020,445,28.38,internal_capacity_network_screen,capacity_network_contingency_screen,False,False,screen_only_without_impedance
QX-00009,110,XL-00168,BDZ-00211,BDZ-00228,660,27.39,internal_capacity_network_screen,capacity_network_contingency_screen,False,False,screen_only_without_impedance
QX-00009,110,XL-00181,BDZ-00215,BDZ-00091,660,48.06,internal_capacity_network_screen,capacity_network_contingency_screen,False,False,screen_only_without_impedance
QX-00009,110,XL-00185,BDZ-00215,BDZ-00150,660,23.74,internal_capacity_network_screen,capacity_network_contingency_screen,False,False,screen_only_without_impedance
QX-00009,110,XL-00198,BDZ-00218,BDZ-00040,511,42.63,internal_capacity_network_screen,capacity_network_contingency_screen,False,False,screen_only_without_impedance
QX-00009,110,XL-00200,BDZ-00218,BDZ-00057,376,75.89,internal_capacity_network_screen,capacity_network_contingency_screen,False,False,screen_only_without_impedance
QX-00009,110,XL-00202,BDZ-00218,BDZ-00091,376,54.76,internal_capacity_network_screen,capacity_network_contingency_screen,False,False,screen_only_without_impedance
QX-00009,110,XL-00203,BDZ-00218,BDZ-00383,660,32.12,internal_capacity_network_screen,capacity_network_contingency_screen,False,False,screen_only_without_impedance
QX-00009,110,XL-00204,BDZ-00218,BDZ-00230,376,38.05,internal_capacity_network_screen,capacity_network_contingency_screen,False,False,screen_only_without_impedance
QX-00009,110,XL-00205,BDZ-00218,BDZ-00150,376,46.22,internal_capacity_network_screen,capacity_network_contingency_screen,False,False,screen_only_without_impedance
QX-00009,110,XL-00206,BDZ-00218,BDZ-00237,376,63.1,internal_capacity_network_screen,capacity_network_contingency_screen,False,False,screen_only_without_impedance
QX-00009,110,XL-00207,BDZ-00218,BDZ-00180,660,18.2,internal_capacity_network_screen,capacity_network_contingency_screen,False,False,screen_only_without_impedance
QX-00009,110,XL-00232,BDZ-00221,BDZ-00176,301,93.29,internal_capacity_network_screen,capacity_network_contingency_screen,False,False,screen_only_without_impedance
QX-00009,110,XL-00246,BDZ-00128,BDZ-00345,660,62.53,internal_capacity_network_screen,capacity_network_contingency_screen,False,False,screen_only_without_impedance
QX-00009,110,XL-00254,BDZ-00224,BDZ-00086,660,19.27,internal_capacity_network_screen,capacity_network_contingency_screen,False,False,screen_only_without_impedance
QX-00009,110,XL-00256,BDZ-00224,BDZ-00127,660,24.97,internal_capacity_network_screen,capacity_network_contingency_screen,False,False,screen_only_without_impedance
QX-00009,110,XL-00259,BDZ-00224,BDZ-00159,376,28.23,internal_capacity_network_screen,capacity_network_contingency_screen,False,False,screen_only_without_impedance
QX-00009,110,XL-00279,BDZ-00228,BDZ-00077,660,21.82,internal_capacity_network_screen,capacity_network_contingency_screen,False,False,screen_only_without_impedance
QX-00009,110,XL-00280,BDZ-00228,BDZ-00129,511,21.92,internal_capacity_network_screen,capacity_network_contingency_screen,False,False,screen_only_without_impedance
QX-00009,110,XL-00281,BDZ-00229,BDZ-00086,660,25.09,internal_capacity_network_screen,capacity_network_contingency_screen,False,False,screen_only_without_impedance
QX-00009,110,XL-00282,BDZ-00229,BDZ-00127,1060,34.97,internal_capacity_network_screen,capacity_network_contingency_screen,False,False,screen_only_without_impedance
QX-00009,110,XL-00283,BDZ-00229,BDZ-00129,376,24.23,internal_capacity_network_screen,capacity_network_contingency_screen,False,False,screen_only_without_impedance
QX-00009,110,XL-00286,BDZ-00229,BDZ-00178,660,29.05,internal_capacity_network_screen,capacity_network_contingency_screen,False,False,screen_only_without_impedance
QX-00009,110,XL-00287,BDZ-00192,BDZ-00230,660,33.62,internal_capacity_network_screen,capacity_network_contingency_screen,False,False,screen_only_without_impedance
QX-00009,110,XL-00289,BDZ-00230,BDZ-00079,660,29.2,internal_capacity_network_screen,capacity_network_contingency_screen,False,False,screen_only_without_impedance
QX-00009,110,XL-00291,BDZ-00230,BDZ-00084,511,33.86,internal_capacity_network_screen,capacity_network_contingency_screen,False,False,screen_only_without_impedance
QX-00009,110,XL-00293,BDZ-00230,BDZ-00176,511,73.98,internal_capacity_network_screen,capacity_network_contingency_screen,False,False,screen_only_without_impedance
QX-00009,110,XL-00328,BDZ-00237,BDZ-00057,376,82.47,internal_capacity_network_screen,capacity_network_contingency_screen,False,False,screen_only_without_impedance
QX-00009,110,XL-00329,BDZ-00237,BDZ-00128,660,69.83,internal_capacity_network_screen,capacity_network_contingency_screen,False,False,screen_only_without_impedance
QX-00009,110,XL-00340,BDZ-00239,BDZ-00069,511,38.08,internal_capacity_network_screen,capacity_network_contingency_screen,False,False,screen_only_without_impedance
QX-00009,110,XL-00341,BDZ-00239,BDZ-00087,511,20.73,internal_capacity_network_screen,capacity_network_contingency_screen,False,False,screen_only_without_impedance
QX-00009,110,XL-00350,BDZ-00242,BDZ-00055,301,50.65,internal_capacity_network_screen,capacity_network_contingency_screen,False,False,screen_only_without_impedance
QX-00009,110,XL-00353,BDZ-00242,BDZ-00136,376,100.39,internal_capacity_network_screen,capacity_network_contingency_screen,False,False,screen_only_without_impedance
QX-00010,110,XL-00095,BDZ-00199,BDZ-00044,660,20.46,internal_capacity_network_screen,capacity_network_contingency_screen,False,False,screen_only_without_impedance
QX-00010,110,XL-00096,BDZ-00234,BDZ-00200,511,33.47,internal_capacity_network_screen,capacity_network_contingency_screen,False,False,screen_only_without_impedance
QX-00010,110,XL-00097,BDZ-00234,BDZ-00185,1060,18.93,internal_capacity_network_screen,capacity_network_contingency_screen,False,False,screen_only_without_impedance
QX-00010,110,XL-00102,BDZ-00200,BDZ-00340,660,73.78,internal_capacity_network_screen,capacity_network_contingency_screen,False,False,screen_only_without_impedance
QX-00010,110,XL-00103,BDZ-00200,BDZ-00049,511,73.57,internal_capacity_network_screen,capacity_network_contingency_screen,False,False,screen_only_without_impedance
QX-00010,110,XL-00107,BDZ-00200,BDZ-00120,376,67.47,internal_capacity_network_screen,capacity_network_contingency_screen,False,False,screen_only_without_impedance
QX-00010,110,XL-00108,BDZ-00200,BDZ-00122,1060,23.42,internal_capacity_network_screen,capacity_network_contingency_screen,False,False,screen_only_without_impedance
QX-00010,110,XL-00119,BDZ-00205,BDZ-00054,660,32.99,internal_capacity_network_screen,capacity_network_contingency_screen,False,False,screen_only_without_impedance
QX-00010,110,XL-00120,BDZ-00205,BDZ-00089,1060,14.23,internal_capacity_network_screen,capacity_network_contingency_screen,False,False,screen_only_without_impedance
QX-00010,110,XL-00121,BDZ-00205,BDZ-00097,660,23.56,internal_capacity_network_screen,capacity_network_contingency_screen,False,False,screen_only_without_impedance
QX-00010,110,XL-00122,BDZ-00205,BDZ-00099,660,11.57,internal_capacity_network_screen,capacity_network_contingency_screen,False,False,screen_only_without_impedance
QX-00010,110,XL-00123,BDZ-00205,BDZ-00011,660,9.86,internal_capacity_network_screen,capacity_network_contingency_screen,False,False,screen_only_without_impedance
QX-00010,110,XL-00124,BDZ-00205,BDZ-00179,1060,30.73,internal_capacity_network_screen,capacity_network_contingency_screen,False,False,screen_only_without_impedance
QX-00010,110,XL-00125,BDZ-00205,BDZ-00185,1060,27.97,internal_capacity_network_screen,capacity_network_contingency_screen,False,False,screen_only_without_impedance
QX-00010,110,XL-00132,BDZ-00207,BDZ-00009,1060,17.67,internal_capacity_network_screen,capacity_network_contingency_screen,False,False,screen_only_without_impedance
QX-00010,110,XL-00133,BDZ-00207,BDZ-00099,511,29.85,internal_capacity_network_screen,capacity_network_contingency_screen,False,False,screen_only_without_impedance
QX-00010,110,XL-00134,BDZ-00207,BDZ-00145,445,63.93,internal_capacity_network_screen,capacity_network_contingency_screen,False,False,screen_only_without_impedance
QX-00010,110,XL-00135,BDZ-00207,BDZ-00035,660,43.44,internal_capacity_network_screen,capacity_network_contingency_screen,False,False,screen_only_without_impedance
QX-00010,110,XL-00136,BDZ-00207,BDZ-00179,660,70.31,internal_capacity_network_screen,capacity_network_contingency_screen,False,False,screen_only_without_impedance
QX-00010,110,XL-00172,BDZ-00214,BDZ-00080,445,44.94,internal_capacity_network_screen,capacity_network_contingency_screen,False,False,screen_only_without_impedance
QX-00010,110,XL-00173,BDZ-00214,BDZ-00109,376,66.15,internal_capacity_network_screen,capacity_network_contingency_screen,False,False,screen_only_without_impedance
QX-00010,110,XL-00174,BDZ-00214,BDZ-00089,660,0,internal_capacity_network_screen,capacity_network_contingency_screen,False,False,screen_only_without_impedance
QX-00010,110,XL-00175,BDZ-00214,BDZ-00090,511,11.77,internal_capacity_network_screen,capacity_network_contingency_screen,False,False,screen_only_without_impedance
QX-00010,110,XL-00176,BDZ-00214,BDZ-00120,376,63.01,internal_capacity_network_screen,capacity_network_contingency_screen,False,False,screen_only_without_impedance
QX-00010,110,XL-00177,BDZ-00214,BDZ-00133,376,40.57,internal_capacity_network_screen,capacity_network_contingency_screen,False,False,screen_only_without_impedance
QX-00010,110,XL-00178,BDZ-00214,BDZ-00160,376,40.02,internal_capacity_network_screen,capacity_network_contingency_screen,False,False,screen_only_without_impedance
QX-00010,110,XL-00179,BDZ-00214,BDZ-00160,376,51.81,internal_capacity_network_screen,capacity_network_contingency_screen,False,False,screen_only_without_impedance
QX-00010,110,XL-00223,BDZ-00108,BDZ-00120,660,33.58,internal_capacity_network_screen,capacity_network_contingency_screen,False,False,screen_only_without_impedance
QX-00010,110,XL-00224,BDZ-00108,BDZ-00120,660,24.93,internal_capacity_network_screen,capacity_network_contingency_screen,False,False,screen_only_without_impedance
QX-00010,110,XL-00278,BDZ-00145,BDZ-00009,1060,15.46,internal_capacity_network_screen,capacity_network_contingency_screen,False,False,screen_only_without_impedance
QX-00010,110,XL-00309,BDZ-00234,BDZ-00049,511,33.31,internal_capacity_network_screen,capacity_network_contingency_screen,False,False,screen_only_without_impedance
QX-00010,110,XL-00310,BDZ-00234,BDZ-00080,445,69.71,internal_capacity_network_screen,capacity_network_contingency_screen,False,False,screen_only_without_impedance
QX-00010,110,XL-00311,BDZ-00234,BDZ-00109,445,39.16,internal_capacity_network_screen,capacity_network_contingency_screen,False,False,screen_only_without_impedance
QX-00010,110,XL-00312,BDZ-00234,BDZ-00207,445,30.11,internal_capacity_network_screen,capacity_network_contingency_screen,False,False,screen_only_without_impedance
QX-00010,110,XL-00313,BDZ-00234,BDZ-00108,511,41.58,internal_capacity_network_screen,capacity_network_contingency_screen,False,False,screen_only_without_impedance
QX-00010,110,XL-00314,BDZ-00234,BDZ-00108,511,48.58,internal_capacity_network_screen,capacity_network_contingency_screen,False,False,screen_only_without_impedance
QX-00010,110,XL-00315,BDZ-00234,BDZ-00122,445,43.08,internal_capacity_network_screen,capacity_network_contingency_screen,False,False,screen_only_without_impedance
QX-00010,110,XL-00316,BDZ-00234,BDZ-00133,376,71.66,internal_capacity_network_screen,capacity_network_contingency_screen,False,False,screen_only_without_impedance
QX-00010,110,XL-00317,BDZ-00234,BDZ-00145,376,49.79,internal_capacity_network_screen,capacity_network_contingency_screen,False,False,screen_only_without_impedance
QX-00010,110,XL-00318,BDZ-00234,BDZ-00035,660,20.94,internal_capacity_network_screen,capacity_network_contingency_screen,False,False,screen_only_without_impedance
QX-00010,110,XL-00342,BDZ-00241,BDZ-00368,660,42.44,internal_capacity_network_screen,capacity_network_contingency_screen,False,False,screen_only_without_impedance
QX-00010,110,XL-00343,BDZ-00241,BDZ-00090,511,15.54,internal_capacity_network_screen,capacity_network_contingency_screen,False,False,screen_only_without_impedance
QX-00010,110,XL-00344,BDZ-00241,BDZ-00168,511,8.35,internal_capacity_network_screen,capacity_network_contingency_screen,False,False,screen_only_without_impedance
QX-00010,110,XL-00345,BDZ-00241,BDZ-00168,511,14.05,internal_capacity_network_screen,capacity_network_contingency_screen,False,False,screen_only_without_impedance
QX-00010,110,XL-00346,BDZ-00241,BDZ-00011,660,15.03,internal_capacity_network_screen,capacity_network_contingency_screen,False,False,screen_only_without_impedance
QX-00010,110,XL-00347,BDZ-00241,BDZ-00044,511,82.41,internal_capacity_network_screen,capacity_network_contingency_screen,False,False,screen_only_without_impedance
QX-00010,110,XL-00355,BDZ-00179,BDZ-00355,511,2.03,internal_capacity_network_screen,capacity_network_contingency_screen,False,False,screen_only_without_impedance
QX-00010,110,XL-00356,BDZ-00179,BDZ-00366,660,4.73,internal_capacity_network_screen,capacity_network_contingency_screen,False,False,screen_only_without_impedance
QX-00010,110,XL-00358,BDZ-00185,BDZ-00157,511,24.08,internal_capacity_network_screen,capacity_network_contingency_screen,False,False,screen_only_without_impedance
QX-00010,110,XL-00359,BDZ-00185,BDZ-00157,511,24.08,internal_capacity_network_screen,capacity_network_contingency_screen,False,False,screen_only_without_impedance
